>> num = [ 1 2 ];
>> den = [1 4 3 0 ];
>> [c,p,k] = residue(num,den)

c =

   -0.1667
   -0.5000
    0.6667


p =

    -3
    -1
     0


k =

     []

>> 
